test9.jpg
5.0
813 95 61 69 0.9990425706
1346 17 68 87 0.9987493753
365 23 59 74 0.9973756075
116 306 27 39 0.6108252406
779 773 43 35 0.1926360875
test5.jpg
5.0
518 303 225 308 0.9998902082
754 316 252 330 0.9996979237
187 362 208 301 0.9996339083
1113 204 175 395 0.9011853337
1 310 144 291 0.8356807828
test_statue.jpg
1.0
190 37 121 189 0.9996060729
test7.jpg
36.0
469 218 27 35 0.9982625842
630 272 40 47 0.9971490502
191 39 76 127 0.9959824085
277 196 22 28 0.9913137555
81 212 19 23 0.9798492789
511 174 13 16 0.9790620804
443 210 15 20 0.9774132371
659 207 19 23 0.9742386937
33 189 16 22 0.9737561345
598 200 18 21 0.9724718332
688 221 20 27 0.9722232819
102 163 11 13 0.9698155522
633 195 18 23 0.9678599834
14 178 13 16 0.9627293944
505 204 15 22 0.9553720355
55 164 12 15 0.9541122913
553 163 9 12 0.9486673474
364 177 15 18 0.9451157451
581 158 11 13 0.9378671050
60 183 12 15 0.9293516874
343 179 14 19 0.9129120111
427 211 15 19 0.9051274657
0 171 11 16 0.9005425572
31 166 12 14 0.8893571496
239 203 15 18 0.8675706387
541 212 15 22 0.8531090617
256 190 13 18 0.7889630198
434 180 13 17 0.6741981506
479 163 8 10 0.5943573117
449 187 12 15 0.5524887443
461 157 9 12 0.5299481153
594 178 14 15 0.5177839398
611 161 10 12 0.4281869233
387 181 16 19 0.3187371790
322 160 7 9 0.2264156342
390 155 8 11 0.2237698734
test8.jpg
2.0
266 105 181 253 0.9995924830
302 531 81 119 0.3019207120
test4.jpg
8.0
577 102 28 43 0.9955096245
557 134 12 14 0.8560423255
377 59 25 36 0.8252356648
415 130 16 18 0.6773612499
512 139 10 12 0.6455752254
460 142 8 10 0.5203862786
498 143 9 12 0.4655316770
438 142 10 12 0.1040827259
test2.jpg
8.0
76 272 47 56 0.9996552467
495 292 49 62 0.9993051291
179 306 42 53 0.9989074469
397 322 37 47 0.9964840412
284 290 41 53 0.9960216880
316 201 26 33 0.9932500124
137 337 19 23 0.9831157327
115 331 17 20 0.9512005448
test10.jpg
4.0
429 138 34 41 0.9967544675
283 74 33 39 0.9839906693
506 199 31 32 0.9686765075
652 101 28 34 0.9560313225
test3.jpg
2.0
183 77 63 81 0.9996957779
349 167 67 81 0.9992559552
test6.jpg
20.0
397 172 48 59 0.9996275902
258 129 44 56 0.9993224144
577 157 42 58 0.9987433553
750 145 43 56 0.9969891906
908 283 17 20 0.9934905767
51 252 17 18 0.9888865352
416 116 26 32 0.9849928617
834 271 17 21 0.9825666547
958 268 13 16 0.9822356701
114 269 14 17 0.9789037704
92 261 12 16 0.9785524011
934 272 17 19 0.9584339857
149 262 15 17 0.9504442811
981 344 20 31 0.8204146028
663 284 13 16 0.7044265270
941 305 13 16 0.5181506276
867 261 19 22 0.3001200557
-1 242 10 17 0.2541970909
496 276 9 12 0.2155706435
869 308 13 15 0.1619066447
test1.jpg
12.0
474 190 29 38 0.9978458881
175 229 26 33 0.9974412918
544 210 28 35 0.9964025021
331 48 32 42 0.9944289923
76 197 25 38 0.9881768823
404 184 20 31 0.9869808555
22 171 36 46 0.9862837791
288 181 21 28 0.9860103130
138 220 22 35 0.9485336542
449 200 17 20 0.7566630840
146 191 22 26 0.5734255314
210 211 17 25 0.2323626578
